 <pre>

 Contingency table for Cloud cover (octas)
 Selection: ALL    591 stations
Period: 20190801-20190811
Used {00,03,...,21} + 00 01 02 03
 Limits   0.500000000       1.50000000       2.50000000       3.50000000       4.50000000       5.50000000       6.50000000       7.50000000    
 Each class is data <= limit, the very last > last limit
 Total number of values      155693
                                                       OBSERVATION
                                  13778     3970     2970     2466     1720     1994     2068     3451     3383 |     35800
                                   1578      682      576      616      489      685      782     1460     1427 |      8295
                                    973      439      311      365      305      527      507      909      933 |      5269
                                    733      313      283      282      254      370      469      801      811 |      4316
            Exp_ew_c43_ref_25D      749      333      242      296      217      377      390      836      785 |      4225
                                    782      331      229      275      277      378      441     1034      944 |      4691
                                   1020      410      277      394      314      534      655     1407     1369 |      6380
                                   1644      699      507      565      499      760     1036     2450     2622 |     10782
                                   5454     2824     1820     2501     2028     3747     5499    20486    31576 |     75935

                    SUM           26711    10001     7215     7760     6103     9372    11847    32834    43850 |    155693
                                                       OBSERVATION
                                  13809     3982     3029     2412     1715     2049     2054     3446     3402 |     35898
                                   1652      733      521      609      470      667      808     1383     1379 |      8222
                                    928      369      310      372      334      448      518     1022      979 |      5280
                                    725      304      298      317      274      393      430      842      837 |      4420
             Exp_ew_c43_ps_25D      709      288      254      294      235      370      472      798      758 |      4178
                                    723      345      250      293      250      394      422     1010      950 |      4637
                                   1064      429      284      377      334      532      633     1360     1424 |      6437
                                   1620      720      456      612      537      792     1021     2475     2535 |     10768
                                   5481     2831     1813     2474     1954     3727     5489    20498    31586 |     75853

                    SUM           26711    10001     7215     7760     6103     9372    11847    32834    43850 |    155693
                                                       OBSERVATION
                                  13179     4066     2988     2518     1813     2245     2272     3933     3836 |     36850
                                   1577      683      524      631      472      714      810     1482     1407 |      8300
                                    968      423      333      288      320      404      541      932      972 |      5181
                                    798      317      249      282      253      395      378      827      836 |      4335
     Exp_c43_NetAtv3_25D_ver01      688      258      233      296      255      327      415      819      852 |      4143
                                    769      346      264      280      243      342      400     1011      884 |      4539
                                   1012      381      281      375      289      502      583     1281     1338 |      6042
                                   1650      601      474      590      483      726     1004     2376     2481 |     10385
                                   6070     2926     1869     2500     1975     3717     5444    20173    31244 |     75918

                    SUM           26711    10001     7215     7760     6103     9372    11847    32834    43850 |    155693
                                                       OBSERVATION
                                  13578     3953     2974     2394     1705     1948     2041     3423     3268 |     35284
                                   1632      727      605      597      468      699      821     1470     1416 |      8435
                                    956      388      320      365      292      458      524      958      954 |      5215
                                    746      321      288      287      297      419      446      838      843 |      4485
        iobs_varbc_cstart_mode      747      287      246      285      228      372      397      860      880 |      4302
                                    771      357      236      341      246      422      505      986      958 |      4822
                                   1085      440      313      372      301      473      626     1323     1322 |      6255
                                   1647      710      475      604      514      768     1018     2414     2615 |     10765
                                   5549     2818     1758     2515     2052     3813     5469    20562    31594 |     76130

                    SUM           26711    10001     7215     7760     6103     9372    11847    32834    43850 |    155693
                                                       OBSERVATION
                                  13793     4030     3047     2452     1743     2009     2049     3441     3365 |     35929
                                   1659      736      573      619      462      710      773     1449     1365 |      8346
                                    964      382      339      309      297      454      474      944      969 |      5132
                                    742      283      264      311      233      388      445      813      841 |      4320
  iobs_varbc_cstart_mode_synop      700      309      249      290      249      388      491      834      810 |      4320
                                    775      342      204      300      235      396      484      963      999 |      4698
                                   1019      414      293      376      304      496      622     1309     1413 |      6246
                                   1596      698      431      577      554      780     1031     2372     2621 |     10660
                                   5463     2807     1815     2526     2026     3751     5478    20709    31467 |     76042

                    SUM           26711    10001     7215     7760     6103     9372    11847    32834    43850 |    155693

