 <pre>

 Contingency table for Cloud cover (octas)
 Selection: masl_0-200m    524 stations
Period: 20190801-20190811
Used {00,03,...,21} + 00 01 02 03
 Limits   0.500000000       1.50000000       2.50000000       3.50000000       4.50000000       5.50000000       6.50000000       7.50000000    
 Each class is data <= limit, the very last > last limit
 Total number of values      138768
                                                       OBSERVATION
                                  12594     3677     2729     2264     1576     1814     1878     3130     2783 |     32445
                                   1447      623      530      571      444      630      692     1329     1228 |      7494
                                    906      409      286      318      282      488      453      832      744 |      4718
                                    652      285      258      256      227      335      413      731      669 |      3826
            Exp_ew_c43_ref_25D      706      306      220      267      199      345      357      760      641 |      3801
                                    719      302      217      249      263      358      400      921      777 |      4206
                                    950      375      254      372      294      484      586     1297     1140 |      5752
                                   1499      631      464      516      463      698      957     2239     2234 |      9701
                                   5071     2602     1626     2286     1859     3440     4991    18655    26295 |     66825

                    SUM           24544     9210     6584     7099     5607     8592    10727    29894    36511 |    138768
                                                       OBSERVATION
                                  12637     3685     2773     2218     1566     1886     1853     3140     2844 |     32602
                                   1536      673      483      560      439      608      723     1248     1154 |      7424
                                    825      333      284      336      305      422      468      928      799 |      4700
                                    668      281      276      290      254      356      402      765      698 |      3990
             Exp_ew_c43_ps_25D      657      266      228      277      222      329      439      714      627 |      3759
                                    661      316      233      257      232      369      371      922      777 |      4138
                                    983      389      260      348      311      488      577     1233     1197 |      5786
                                   1484      664      408      555      491      737      938     2252     2154 |      9683
                                   5093     2603     1639     2258     1787     3397     4956    18692    26261 |     66686

                    SUM           24544     9210     6584     7099     5607     8592    10727    29894    36511 |    138768
                                                       OBSERVATION
                                  12143     3758     2748     2302     1669     2072     2041     3626     3211 |     33570
                                   1461      630      485      599      449      652      738     1347     1203 |      7564
                                    887      390      299      260      288      376      494      823      802 |      4619
                                    728      297      228      262      235      364      338      760      680 |      3892
     Exp_c43_NetAtv3_25D_ver01      636      236      207      271      234      305      389      756      710 |      3744
                                    712      328      239      262      226      326      372      919      772 |      4156
                                    920      355      268      345      264      469      531     1174     1133 |      5459
                                   1525      539      429      558      457      678      917     2156     2081 |      9340
                                   5532     2677     1681     2240     1785     3350     4907    18333    25919 |     66424

                    SUM           24544     9210     6584     7099     5607     8592    10727    29894    36511 |    138768
                                                       OBSERVATION
                                  12450     3648     2727     2191     1563     1782     1842     3132     2723 |     32058
                                   1478      679      563      549      442      651      741     1331     1209 |      7643
                                    877      352      284      328      263      423      479      863      796 |      4665
                                    674      303      270      268      267      377      412      768      670 |      4009
        iobs_varbc_cstart_mode      695      250      227      275      213      340      363      799      723 |      3885
                                    704      330      218      316      229      397      460      874      788 |      4316
                                    999      415      295      335      281      441      564     1199     1093 |      5622
                                   1520      644      426      559      479      697      932     2192     2197 |      9646
                                   5147     2589     1574     2278     1870     3484     4934    18736    26312 |     66924

                    SUM           24544     9210     6584     7099     5607     8592    10727    29894    36511 |    138768
                                                       OBSERVATION
                                  12618     3720     2803     2242     1598     1839     1836     3118     2800 |     32574
                                   1525      684      513      569      430      652      678     1334     1148 |      7533
                                    906      343      299      291      275      418      421      861      773 |      4587
                                    665      263      237      281      210      345      402      708      699 |      3810
  iobs_varbc_cstart_mode_synop      645      281      234      273      234      367      461      761      676 |      3932
                                    725      315      187      253      217      379      440      865      833 |      4214
                                    933      382      276      349      275      467      576     1193     1172 |      5623
                                   1475      632      395      531      500      724      961     2151     2194 |      9563
                                   5052     2590     1640     2310     1868     3401     4952    18903    26216 |     66932

                    SUM           24544     9210     6584     7099     5607     8592    10727    29894    36511 |    138768

